v2.0 raw
0 1 2 3 4 5 6 7
8 9 10 11 12 13 14 15
16 17 18 19 20 21 22 23
24 25 26 27 28 29 30 31
32 33 34 35 36 37 38 39
40 41 42 43 44 45 46 47
48 49 50 51 52 53 54 55
56 57 58 59 60 61 62 63
64 65 66 67 68 69 70 71
72 73 74 75 76 77 78 79
80 81 82 83 84 85 86 87
88 89 90 91 92 93 94 95
96 97 98 99 100 101 102 103
104 105 106 107 108 109 110 111
112 113 114 115 116 117 118 119
120 121 122 123 124 125 126 127
128 129 130 131 132 133 134 135
136 137 138 139 140 141 142 143
144 145 146 147 148 149 150 151
152 153 154 155 156 157 158 159
160 161 162 163 164 165 166 167
168 169 170 171 172 173 174 175
176 177 178 179 180 181 182 183
184 185 186 187 188 189 190 191
192 193 194 195 196 197 198 199
200 201 202 203 204 205 206 207
208 209 210 211 212 213 214 215
216 217 218 219 220 221 222 223
224 225 226 227 228 229 230 231
232 233 234 235 236 237 238 239
240 241 242 243 244 245 246 247
248 249 250 251 252 253 254 255
0 1 2 3 4 5 6 7
8 9 10 11 12 13 14 15
16 17 18 19 20 21 22 23
24 25 26 27 28 29 30 31
32 33 34 35 36 37 38 39
40 41 42 43 44 45 46 47
48 49 50 51 52 53 54 55
56 57 58 59 60 61 62 63
64 65 66 67 68 69 70 71
72 73 74 75 76 77 78 79
80 81 82 83 84 85 86 87
88 89 90 91 92 93 94 95
96 97 98 99 100 101 102 103
104 105 106 107 108 109 110 111
112 113 114 115 116 117 118 119
120 121 122 123 124 125 126 127
1128 1127 1126 1125 1124 1123 1122 1121
1120 1119 1118 1117 1116 1115 1114 1113
1112 1111 1110 1109 1108 1107 1106 1105
1104 1103 1102 1101 1100 1099 1098 1097
1096 1095 1094 1093 1092 1091 1090 1089
1088 1087 1086 1085 1084 1083 1082 1081
1080 1079 1078 1077 1076 1075 1074 1073
1072 1071 1070 1069 1068 1067 1066 1065
1064 1063 1062 1061 1060 1059 1058 1057
1056 1055 1054 1053 1052 1051 1050 1049
1048 1047 1046 1045 1044 1043 1042 1041
1040 1039 1038 1037 1036 1035 1034 1033
1032 1031 1030 1029 1028 1027 1026 1025
1024 1023 1022 1021 1020 1019 1018 1017
1016 1015 1014 1013 1012 1011 1010 1009
1008 1007 1006 1005 1004 1003 1002 1001
